1.534720000000000084e+02 4.906799999999999784e+01 6.959999999999999520e-01
1.523859999999999957e+02 4.870700000000000074e+01 2.782999999999999918e+00
1.529290000000000020e+02 4.888700000000000045e+01 1.566000000000000059e+00
1.522050000000000125e+02 4.960900000000000176e+01 1.217999999999999972e+00
1.531100000000000136e+02 4.834599999999999653e+01 3.479999999999999760e-01
1.549199999999999875e+02 4.834599999999999653e+01 1.044000000000000039e+00
1.536529999999999916e+02 4.960900000000000176e+01 1.566000000000000059e+00
1.509379999999999882e+02 4.978900000000000148e+01 -3.479999999999999760e-01
1.522050000000000125e+02 4.924799999999999756e+01 5.220000000000000195e-01
1.534720000000000084e+02 4.834599999999999653e+01 3.479999999999999760e-01
1.525670000000000073e+02 4.708299999999999841e+01 1.739999999999999880e-01
1.520240000000000009e+02 4.942799999999999727e+01 1.391999999999999904e+00
1.538340000000000032e+02 4.834599999999999653e+01 1.044000000000000039e+00
1.529290000000000020e+02 4.816599999999999682e+01 5.220000000000000195e-01
1.514809999999999945e+02 4.852600000000000335e+01 5.220000000000000195e-01
1.523859999999999957e+02 4.906799999999999784e+01 -1.044000000000000039e+00
1.523859999999999957e+02 4.834599999999999653e+01 1.391999999999999904e+00
1.525670000000000073e+02 4.852600000000000335e+01 1.739999999999999880e-01
1.507570000000000050e+02 4.852600000000000335e+01 -1.739999999999999880e-01
1.529290000000000020e+02 4.888700000000000045e+01 5.220000000000000195e-01
1.522050000000000125e+02 4.924799999999999756e+01 1.739999999999999880e-01
1.516620000000000061e+02 4.870700000000000074e+01 3.479999999999999760e-01
1.516620000000000061e+02 4.798499999999999943e+01 -3.479999999999999760e-01
1.531100000000000136e+02 4.798499999999999943e+01 6.959999999999999520e-01
1.532909999999999968e+02 4.888700000000000045e+01 -1.913000000000000034e+00
1.523859999999999957e+02 4.870700000000000074e+01 -1.044000000000000039e+00
1.522050000000000125e+02 4.888700000000000045e+01 -1.913000000000000034e+00
1.531100000000000136e+02 4.726400000000000290e+01 -1.044000000000000039e+00
1.514809999999999945e+02 4.852600000000000335e+01 -1.217999999999999972e+00
1.527479999999999905e+02 4.834599999999999653e+01 -6.959999999999999520e-01
1.531100000000000136e+02 4.726400000000000290e+01 3.479999999999999760e-01
1.522050000000000125e+02 4.816599999999999682e+01 1.739999999999999880e-01
1.527479999999999905e+02 4.906799999999999784e+01 -1.044000000000000039e+00
1.529290000000000020e+02 4.996900000000000119e+01 -1.217999999999999972e+00
1.520240000000000009e+02 4.762400000000000233e+01 -6.959999999999999520e-01
1.518429999999999893e+02 4.780499999999999972e+01 -1.739999999999999880e-01
1.527479999999999905e+02 4.798499999999999943e+01 -1.391999999999999904e+00
1.520240000000000009e+02 4.798499999999999943e+01 -6.959999999999999520e-01
1.514809999999999945e+02 4.888700000000000045e+01 1.739999999999999880e-01
1.534720000000000084e+02 4.798499999999999943e+01 -1.391999999999999904e+00
1.520240000000000009e+02 4.834599999999999653e+01 -6.959999999999999520e-01
1.534720000000000084e+02 4.870700000000000074e+01 -2.087000000000000188e+00
1.513000000000000114e+02 4.726400000000000290e+01 -1.044000000000000039e+00
1.531100000000000136e+02 4.906799999999999784e+01 -1.391999999999999904e+00
1.520240000000000009e+02 4.834599999999999653e+01 -6.959999999999999520e-01
1.532909999999999968e+02 4.960900000000000176e+01 -5.220000000000000195e-01
1.532909999999999968e+02 4.960900000000000176e+01 -5.220000000000000195e-01
1.523859999999999957e+02 4.906799999999999784e+01 -1.391999999999999904e+00
1.523859999999999957e+02 5.014999999999999858e+01 -2.087000000000000188e+00
1.532909999999999968e+02 4.960900000000000176e+01 -8.699999999999999956e-01
1.529290000000000020e+02 4.924799999999999756e+01 -1.566000000000000059e+00
1.527479999999999905e+02 4.798499999999999943e+01 -1.391999999999999904e+00
1.520240000000000009e+02 4.834599999999999653e+01 -1.391999999999999904e+00
1.536529999999999916e+02 4.780499999999999972e+01 -1.217999999999999972e+00
1.538340000000000032e+02 4.978900000000000148e+01 -6.959999999999999520e-01
1.522050000000000125e+02 4.852600000000000335e+01 -2.608999999999999986e+00
1.532909999999999968e+02 4.744400000000000261e+01 -3.305000000000000160e+00
1.518429999999999893e+02 4.924799999999999756e+01 -2.608999999999999986e+00
1.527479999999999905e+02 4.906799999999999784e+01 -1.044000000000000039e+00
1.536529999999999916e+02 4.960900000000000176e+01 -1.913000000000000034e+00
1.513000000000000114e+02 4.798499999999999943e+01 -1.391999999999999904e+00
1.523859999999999957e+02 4.798499999999999943e+01 -3.130999999999999783e+00
1.527479999999999905e+02 4.834599999999999653e+01 -1.739999999999999991e+00
1.529290000000000020e+02 4.960900000000000176e+01 -5.220000000000000195e-01
1.527479999999999905e+02 4.726400000000000290e+01 -1.391999999999999904e+00
1.534720000000000084e+02 4.870700000000000074e+01 -2.087000000000000188e+00
1.531100000000000136e+02 4.690299999999999869e+01 -3.479000000000000092e+00
1.538340000000000032e+02 4.726400000000000290e+01 -3.130999999999999783e+00
1.536529999999999916e+02 4.924799999999999756e+01 -1.566000000000000059e+00
1.525670000000000073e+02 4.780499999999999972e+01 -2.261000000000000121e+00
1.525670000000000073e+02 4.924799999999999756e+01 -3.653000000000000025e+00
1.522050000000000125e+02 4.852600000000000335e+01 -1.913000000000000034e+00
1.522050000000000125e+02 4.672200000000000131e+01 -1.566000000000000059e+00
1.520240000000000009e+02 4.906799999999999784e+01 -1.391999999999999904e+00
1.522050000000000125e+02 4.852600000000000335e+01 -1.913000000000000034e+00
1.513000000000000114e+02 4.798499999999999943e+01 -1.739999999999999991e+00
1.541959999999999980e+02 4.870700000000000074e+01 -2.087000000000000188e+00
1.507570000000000050e+02 4.672200000000000131e+01 -1.913000000000000034e+00
1.527479999999999905e+02 4.618099999999999739e+01 -2.087000000000000188e+00
1.532909999999999968e+02 4.852600000000000335e+01 -2.608999999999999986e+00
1.522050000000000125e+02 4.744400000000000261e+01 -1.566000000000000059e+00
1.516620000000000061e+02 4.942799999999999727e+01 -1.739999999999999991e+00
1.538340000000000032e+02 4.798499999999999943e+01 -2.435000000000000053e+00
1.527479999999999905e+02 4.834599999999999653e+01 -1.391999999999999904e+00
1.516620000000000061e+02 4.834599999999999653e+01 -2.782999999999999918e+00
1.527479999999999905e+02 4.906799999999999784e+01 -3.479000000000000092e+00
1.534720000000000084e+02 4.726400000000000290e+01 -2.782999999999999918e+00
1.525670000000000073e+02 4.852600000000000335e+01 -5.220000000000000195e-01
1.538340000000000032e+02 4.978900000000000148e+01 -2.087000000000000188e+00
1.529290000000000020e+02 4.888700000000000045e+01 -3.653000000000000025e+00
1.513000000000000114e+02 4.870700000000000074e+01 -3.130999999999999783e+00
1.516620000000000061e+02 4.798499999999999943e+01 -2.782999999999999918e+00
1.531100000000000136e+02 4.870700000000000074e+01 -2.782999999999999918e+00
1.518429999999999893e+02 4.780499999999999972e+01 -1.217999999999999972e+00
1.520240000000000009e+02 4.762400000000000233e+01 -1.739999999999999991e+00
1.549199999999999875e+02 4.942799999999999727e+01 -2.435000000000000053e+00
1.551009999999999991e+02 4.852600000000000335e+01 -8.699999999999999956e-01
1.534720000000000084e+02 4.870700000000000074e+01 -3.826999999999999957e+00
1.525670000000000073e+02 4.780499999999999972e+01 -1.566000000000000059e+00
1.525670000000000073e+02 4.852600000000000335e+01 -1.913000000000000034e+00
